0.		0.0316				0.1			0.316		
0.001		0.3609554455224457		0.2451237063088411	0.14021302203219213
0.01		0.3583833667831025		0.24306222041859624	0.13993784534393636
0.1		0.33329285195441066		0.22554152197812116	0.1360574189700227
1		0.21161658675357467	        0.15329484637241553	0.123014910787104
10		0.12329077827038935 		0.11923702777010303	0.1163554602407133 
100		0.11721706848361331		0.11679788599064923	0.11964571808030956
1000		0.11703152848271528		0.1162701968709101	0.11729145581009605
10000		0.1165904229142192		0.1165548819570448	0.11893895574425498
100000		0.11656280476518023		0.11577022377981047	0.11106643990920796
                                                                                                            