0.01    10.24657880660284    45.25245237      175.68940280346067    175.770638071251(10)
0.02    10.305140258486217   45.37542316      176.8156834374702     0.
0.0667 	10.613544166127177   46.16315821      180.7283462926161     0. 
0.2 	11.470404462170954   48.83921148      0.                    0.
0.5     13.707267427676234   0.               222.56025410063074    0. 
1 	17.672346815782223   64.88964805      268.7267477809191     0. 
2 	26.369412839756766   84.89660663      360.0806671076557     358.02620303957116(10)
5 	53.90119386257811    143.29687357     614.1089852525884     0.
15      149.98915451863417   327.26838793     1423.1449154803995    1428.3884999554168(10)
50      488.47152616602966   949.80832613     4007.9082255059525    0.
100     961.2530571050879    1780.44373579    7415.722999863665     7132.030845271299(10)
1000    8614.10400230211     14694.09430238   41838.22791972753     0.
10000   62445.776482053196   61239.03122565   88043.84556028311     85456.45420822485(10)
15000   52464.456125981305   57413.1722064    73049.28473728        0.                   
100000  66093.87859676532    99578.56912449   93914.59114461356     90159.11854698502(10)   
150000  69357.17648110088    95559.18197542   84678.12380138773     119771.56671093876(0.01)