0.01	70.00024522681817       129.41594880367683 	279.50472945097425     276.93745305279833       288.7298924468253     279.4082277768541      
0.05	74.74579675319109       134.17862389510034	286.57125085469613     287.4494409785255        277.6863887051115     286.0244051234598
0.1	77.9848722310754        139.1588590379608	295.8732432319623      293.72539940403084       295.8780609352706     296.5695157015122
0.5	112.10779019664007      181.13539186185378	370.91447026097626     369.4968035591427        365.71623559518866    369.6865001370982
1	153.6653655144097       234.7927994814474	461.15975440049164     0.                       0.                     0.
2	234.51330179364263      338.4388436384527	634.9189387869374      0.                       0.                     0.
5	483.8248137607042 	633.1329399726753	1090.2069998168563     0.                       0.                     0.
10	967.4812118170566 	1065.009286791233	1766.2062696549467     0.                       0.                     0.
25	1818.1554703097333 	2141.844166463838	3154.3946802578857     0.                       0.                     0.
50	2813.680567817562	3461.611309834583	4725.2218817811245     0.                       0.                     0.
100	4350.6512529985375      4905.411045769296	6229.423714004918      0.                       0.                     0.
