0.  	    0.001		 0.003		     0.01       	   0.03		        0.1                   0.3	  	1           	        3 
0.001L      0.5  		 0.141449104098071   0.12620535896099236   0.095362182466	0.04115246901745978   0.0225983751572  	0.019134671032736507	0.5
0.01L	    0.5			 0.189680223843587   0.1815178508010701    0.160544320662	0.1119973115039075    0.0704748711094	0.06041236930968752	0.5 
0.1L	    0.04142579068163182	 0.30494764617273    0.3008880741777357	   0.288689011114	0.25442969686967093   0.22894177128350	0.19074617494027413	0.18634348050839605
1L	    0.674010747483678	 0.6801293287413365  0.67388320391896	   0.670446985451	0.6530828536491449    0.62693336939712	0.6013371349493967      0.6267759718503967
 
0.001R      0.5 		 0.141228679633836   0.12597823882668224   0.09531388203	0.040859363426734685  0.02259068735812 	0.019131192158971504	0.5
0.01R	    0.5  		 0.189526935218030   0.18079179431833575   0.16009242335        0.11207201399186949   0.0703210318957	0.06042957626701183  	0.5 
0.1R	    0.041449403432787	 0.3053266899734     0.30053242049853834   0.28925668270	0.2543187867210647    0.2290080403630	0.1907889130112511	0.18644086955549616
1R	    0.678435512340223	 0.67678218963077    0.6754445872602387	   0.66809840200	0.65344084154189      0.6275901816315	0.6013850245033897	0.6268949752920262

0.001       1.  		 0.351012374047352   0.32703069742515495   0.273662186381	0.12496711435593465   0.04638407924438 	0.03806854946923364	1
0.01	    1.  		 0.41926122669744    0.4041741816083331	   0.364039073581	0.2489892220063649    0.1424808413764	0.12018090003358099	1
0.1	    0.1259410537122222	 0.6177270747846     0.6091926020990105	   0.585253156306	0.5138950657117193    0.438101949535722	0.3793414439169464	0.37145579204762635
1	    1.3396647898833387   1.341908132153699   1.3368139133066008	   1.324956707130	1.29534090104648      1.24451451257121	1.1953286400034582	1.2436062085572386