0.  	 0.001       	         0.005                  0.01           	         0.05            	  0.1          	         0.5 		        1			   5			
0.001    0.3595806790653315	 0.343623387717899	0.32789629115200825	 0.2270143309960039	  0.1261261796476811	 0.040351252142169586	0.0380951416332824	   0.037578522356987686
0.01	 0.4259402466640882      0.4159520054180727     0.40351318798075625      0.3249707968601532       0.24534335269962876    0.1267157115463755	0.120170080743664          0.1168511986792656       
0.1	 0.6202545732921869      0.6164080524656923     0.6104807796680156	 0.5630469102784267	  0.5144019623111665	 0.3940744676222719     0.3793640991352062	   0.3706598246627119 
1        1.3377658157877452      1.3390050860258167     1.3363285146343364       1.3162375880995159       1.295859232390275      1.219098601913356      1.1941942578444829         1.1689951661621858
10	 3.8353301349434217	 3.8588988138918348	3.8541162047185122	 3.831440280012434	  3.8452196160976078	 3.7815457094454743	3.7446916566374906         3.699136606284505
TMJan1   0.5439587194244604      0.6094329052599201     0.646538375141862        0.8214461081296845       0.9504682652726588     1.5263626461375008     1.9522257032345773         3.7536339305380286
TM	 0.366724948914738       0.4009213831775701     0.42744899423446514	 0.5410704134366925	  0.6219362178291682	 1.0157980621296931     1.3515656996587029	   2.778940579967977
TMJan	 0.37218963536918864     0.4043486155285313     0.42898678915135613	 0.5383278292242933	  0.6221483525839316	 1.0182903261556042     1.342793917898511          2.763009732670745
TM5	 0.2731456791364779      0.29741279797116926    0.3182014000737649	 0.4000924411494956	  0.4736716957351769	 0.8385920701225776     1.1287233501951817	   2.3890702419119787	
TMJan5   0.27794603636363635     0.30059980205859066    0.3171269773407439  	 0.4017684306777918	  0.4751893428812131     0.8374677606925959     1.1294082943561718	   2.3807879745278684															