0.  	    10		           50			 100
0.001	    0.0358259534010049     0.03862583565888334	 0.041802793940508946
0.01	    0.11655436196502492    0.1137587165632890	 0.1069870990053513
0.1	    0.37125177145457305    0.3670393021346678	 0.3757617917027939
1.          1.1674095396902684     1.1463857105352449    1.129398671549396
10	    3.6982569945768233	   3.743643859461657	 3.9126028459865996
TMJan1      5.106004688492496      10.902114056891671    15.263664476483978
TM	    3.8311402423942615     8.416995731056565     11.815431979243309
TMJan       3.8401359096654186     8.388042245437347     11.78960610994813
TM5	    3.320264253617512      7.333550817864363	 10.300218088518282
TMJan5	    3.3181052899458066	   7.280174693679346	 10.277924655088313															